0 406
1 407
2 408
3 409
4 410
5 411
6 412
7 413
8 414
9 413
10 412
11 411
12 410
13 409
14 408
15 407
16 406
17 405
18 404
19 403
20 402
21 401
22 400
23 399
24 398
25 397
26 396
27 395
28 394
29 393
30 392
31 391
32 390
33 389
34 388
35 387
36 386
37 385
38 384
39 383
40 382
41 381
42 380
43 379
44 378
45 377
46 376
47 375
48 374
49 373
50 372
51 371
52 370
53 369
54 368
55 367
56 366
57 365
58 364
59 363
60 362
61 361
62 360
63 359
64 358
65 357
66 356
67 355
68 354
69 353
70 352
71 351
72 350
73 349
74 348
75 347
74 346
73 345
72 344
71 343
70 342
69 341
68 340
67 339
66 338
65 337
64 336
63 335
62 334
61 333
60 332
60 331
59 330
58 329
57 328
57 327
57 326
56 325
55 324
54 323
53 322
52 321
52 320
52 319
52 318
52 317
52 316
52 315
52 314
53 313
52 312
52 311
52 310
52 309
53 308
52 307
52 306
52 305
52 304
52 303
52 302
52 301
52 300
52 299
52 298
52 297
51 296
52 295
52 294
53 293
53 292
53 291
52 290
52 289
52 288
52 287
52 286
52 285
53 284
53 283
53 282
53 281
53 280
52 279
52 278
52 277
52 276
53 275
53 274
54 273
55 272
56 271
57 270
58 269
59 268
60 267
61 266
62 265
63 264
64 263
65 262
66 261
67 260
68 259
69 258
70 257
71 256
72 255
73 254
74 253
75 252
76 251
77 250
78 249
79 248
80 247
81 246
82 245
83 244
84 243
85 242
86 241
85 240
84 239
83 238
82 237
81 236
80 235
79 234
78 233
77 232
76 231
75 230
74 229
73 228
72 227
71 226
70 225
69 224
68 223
67 222
66 221
65 220
64 219
63 218
62 217
63 216
62 215
61 214
60 213
59 212
58 211
57 210
56 209
55 208
54 207
53 206
52 205
52 204
52 203
52 202
53 201
53 200
52 199
53 198
52 197
52 196
53 195
54 195
55 194
56 195
57 195
58 195
59 194
60 193
61 193
62 192
63 191
64 190
65 189
66 189
67 189
68 188
69 188
70 188
71 187
72 187
73 187
74 187
75 187
76 187
77 188
78 187
79 187
80 187
81 188
82 188
83 188
84 189
85 189
86 189
87 189
88 189
89 189
90 188
91 187
92 186
93 185
94 184
95 183
96 182
97 181
98 180
99 179
100 178
101 177
102 176
103 175
104 174
105 173
106 172
107 171
108 170
109 169
110 168
111 167
112 166
113 165
114 164
115 163
116 162
117 161
118 160
119 159
120 158
121 157
122 156
123 155
124 154
125 153
126 152
127 151
128 150
129 149
130 148
131 147
132 146
133 145
134 144
135 143
136 142
137 141
138 140
139 139
140 138
141 137
142 136
143 135
144 134
145 133
146 132
147 131
148 130
149 129
150 128
151 127
152 126
153 125
154 124
155 123
156 122
157 121
158 120
159 120
160 119
161 119
162 119
163 118
164 117
165 116
166 116
167 115
168 114
169 113
170 112
171 111
172 112
173 112
174 112
175 112
176 111
177 110
178 109
179 108
180 107
181 106
182 105
183 105
184 105
185 105
186 105
187 105
188 105
189 104
190 103
191 103
192 104
193 105
194 105
195 105
196 105
197 105
198 105
199 105
200 105
201 105
202 105
203 105
204 105
205 105
206 106
207 106
208 107
209 108
210 109
211 110
212 111
213 112
214 113
215 114
216 115
217 116
218 117
219 116
220 115
221 114
222 113
223 112
224 111
225 110
226 109
227 108
228 107
229 106
230 105
231 104
232 103
233 102
234 101
235 100
236 99
237 98
238 97
239 96
240 95
241 94
242 93
243 92
244 91
245 90
246 89
247 88
248 87
249 86
250 85
251 84
252 83
253 82
254 81
255 80
256 79
257 78
258 77
259 76
260 75
261 74
262 73
263 72
264 71
265 70
266 69
267 68
268 67
269 66
270 65
271 64
272 63
273 62
274 61
275 60
276 59
277 58
278 57
279 56
280 55
281 54
282 53
283 52
284 51
285 50
286 50
287 50
288 50
289 51
290 51
291 51
292 51
293 51
294 52
295 52
296 52
297 52
298 52
299 52
300 51
301 51
302 51
303 52
304 53
305 52
306 53
307 52
308 52
309 52
310 52
311 52
312 52
313 52
314 53
315 52
316 52
317 52
318 53
319 53
320 52
321 52
322 52
323 51
324 52
325 52
326 53
327 53
328 52
329 52
330 52
331 53
332 54
333 55
334 56
335 57
336 58
337 59
338 60
339 60
340 61
341 62
342 63
343 63
344 62
345 62
346 63
347 63
348 63
349 62
350 61
351 60
352 59
353 58
354 57
355 56
356 55
357 54
358 53
359 52
360 51
361 51
362 51
363 52
364 52
365 53
366 53
367 54
368 54
369 54
370 54
371 54
372 54
373 54
374 53
375 53
376 52
377 51
378 50
379 49
380 48
381 49
382 50
383 51
384 52
385 53
386 54
387 55
388 56
389 57
390 58
391 59
392 60
393 61
394 62
395 63
396 64
397 65
398 66
399 67
400 68
401 69
402 70
403 71
404 72
405 73
406 74
407 75
408 76
409 77
410 78
411 79
412 80
413 81
414 82
415 83
416 84
417 85
418 86
419 87
420 87
421 86
422 85
423 84
424 83
425 83
426 82
427 81
428 80
429 80
430 80
431 80
432 81
433 81
434 81
435 81
436 82
437 82
438 81
439 80
440 79
441 78
442 77
443 76
444 75
445 75
446 75
447 75
448 76
449 76
450 77
451 78
452 79
453 80
454 81
455 80
456 80
457 79
458 79
459 79
460 79
461 80
462 79
463 79
464 78
465 77
466 76
467 75
468 74
469 73
470 73
471 74
472 74
473 73
474 72
475 71
476 71
477 71
478 71
479 71
480 71
481 71
482 71
483 71
484 70
485 69
486 68
487 67
488 66
489 65
490 64
491 63
492 62
493 61
494 60
495 59
496 58
497 57
498 56
499 55
