181 0
182 1
183 2
184 3
185 4
186 5
187 6
188 7
189 8
190 9
191 10
192 11
193 12
194 13
194 14
194 15
194 16
194 17
194 18
194 19
194 20
194 21
194 22
194 23
194 24
195 25
196 26
197 27
198 28
199 29
200 30
201 31
202 32
203 33
204 34
205 35
206 36
207 37
208 38
209 39
210 40
211 41
212 42
213 43
213 44
212 45
211 46
210 47
209 48
208 49
207 50
206 51
205 52
204 53
203 54
202 55
201 56
200 57
199 58
198 59
197 60
196 61
195 62
194 63
193 64
192 65
191 66
190 67
189 68
188 69
187 70
186 71
185 72
184 73
183 74
182 75
181 76
180 77
179 78
178 79
177 80
176 81
175 82
174 83
173 84
172 85
171 86
170 87
169 88
168 89
167 90
166 91
165 92
164 93
163 94
162 95
161 96
160 97
159 98
158 99
157 100
156 101
155 102
154 103
153 104
152 105
151 106
150 107
149 108
148 109
147 110
146 111
145 112
144 113
143 114
142 115
141 116
140 117
139 118
138 119
137 120
136 121
135 122
134 123
133 124
132 125
131 126
130 127
129 128
128 129
127 130
126 131
125 132
124 133
123 134
122 135
121 136
120 137
119 138
118 139
117 140
116 141
115 142
114 143
113 144
112 145
111 146
110 147
109 148
108 149
107 150
106 151
105 152
104 153
103 154
102 155
101 156
100 157
99 157
98 158
97 158
96 158
95 158
94 159
93 159
92 160
91 161
90 161
89 161
88 162
87 162
86 163
85 164
84 165
83 166
83 167
82 168
82 169
81 170
80 171
80 172
80 173
80 174
80 175
80 176
80 177
81 178
81 179
82 180
83 181
84 182
85 183
86 184
85 185
85 186
86 187
87 188
87 189
88 190
88 191
88 192
88 193
88 194
87 195
87 196
86 197
85 198
85 199
85 200
85 201
85 202
85 203
86 204
86 205
86 206
86 207
85 208
86 209
86 210
87 211
88 212
89 213
90 214
90 215
91 216
92 217
92 218
92 219
93 220
94 221
94 222
94 223
95 224
95 225
96 226
96 227
96 228
96 229
97 230
98 231
99 232
100 233
101 234
101 235
101 236
101 237
101 238
102 239
102 240
103 241
104 242
105 243
106 244
107 245
108 246
109 247
110 248
111 249
112 250
113 251
114 252
115 253
116 254
117 255
118 256
117 257
116 258
115 259
114 260
113 261
112 262
111 263
110 264
109 265
108 266
107 267
106 268
105 269
104 270
103 271
102 272
101 273
100 274
99 275
98 276
97 277
96 278
95 279
94 280
93 281
92 282
91 283
90 284
89 285
88 286
87 287
86 288
85 289
84 290
83 291
82 292
81 293
80 294
80 295
79 296
80 297
80 298
80 299
80 300
79 301
80 302
80 303
80 304
80 305
80 306
80 307
80 308
80 309
80 310
81 311
81 312
81 313
82 314
83 315
84 316
85 317
86 318
87 319
88 320
89 321
89 322
90 323
90 324
91 325
92 326
92 327
92 328
92 329
92 330
93 331
94 332
95 333
96 334
97 335
98 336
99 337
100 338
101 339
102 340
103 341
104 342
105 343
106 344
107 345
108 346
109 347
110 348
111 349
112 350
113 351
114 352
115 353
116 354
117 355
118 356
119 357
120 358
121 359
122 360
123 361
124 362
125 363
126 364
127 365
128 366
129 367
130 368
131 369
132 370
133 371
134 372
135 373
136 374
137 375
138 376
139 377
140 378
141 379
142 378
143 378
144 378
145 377
146 376
147 375
148 374
149 374
150 373
151 373
152 372
153 372
154 372
155 372
156 372
157 372
158 371
159 371
160 370
161 370
162 371
163 371
164 372
165 372
166 371
167 371
168 370
169 370
170 370
171 370
172 370
173 370
174 370
175 369
176 369
177 369
178 368
179 368
180 368
181 368
182 368
183 368
184 367
185 367
186 368
187 369
188 370
189 371
190 372
191 373
192 374
193 375
194 375
195 375
196 376
197 377
198 378
199 379
200 380
201 381
202 380
203 379
204 378
205 377
206 376
207 375
208 374
209 373
210 372
211 371
212 370
213 369
214 368
215 367
216 366
217 365
218 364
219 363
220 362
221 361
222 360
223 359
224 358
225 357
226 356
227 355
228 354
229 353
230 352
231 351
232 350
233 349
234 348
235 347
236 346
237 345
238 344
239 343
240 342
241 341
242 340
243 339
244 338
245 337
246 336
247 335
248 334
249 333
250 332
251 331
252 330
253 329
254 328
255 327
256 326
257 325
258 324
259 323
260 322
261 321
262 320
263 319
264 318
265 317
266 316
267 315
268 314
269 314
270 314
271 313
272 312
273 311
274 310
275 309
276 309
277 309
278 309
279 310
280 311
281 311
282 312
283 312
284 312
285 312
286 311
287 310
288 311
289 311
290 312
291 312
292 311
293 312
294 312
295 312
296 313
297 313
298 313
299 313
300 314
301 314
302 313
303 312
304 311
305 310
306 311
307 312
308 312
309 311
310 311
311 311
312 312
313 313
314 314
315 315
316 314
317 315
318 316
319 317
320 318
321 319
322 320
323 321
324 322
325 323
326 324
327 325
328 326
329 327
330 328
331 329
332 330
333 331
334 332
335 333
336 334
337 333
338 333
339 332
340 331
341 330
342 330
343 329
344 328
345 328
346 328
347 328
348 328
349 327
350 327
351 328
352 328
353 329
354 330
355 331
356 332
357 333
358 333
359 333
360 333
361 333
362 333
363 333
364 332
365 332
366 331
367 330
368 330
369 329
370 328
371 328
372 328
373 328
374 328
375 329
376 329
377 330
378 331
379 332
380 331
381 330
382 329
383 328
384 327
385 326
386 325
387 324
388 323
389 322
390 321
391 320
392 319
393 318
394 317
395 316
396 315
397 314
398 313
399 312
400 311
401 310
402 309
403 308
404 307
405 306
406 305
407 304
408 303
409 302
410 301
411 300
412 299
413 298
414 297
415 296
416 295
417 294
418 293
419 292
420 291
421 290
422 289
423 288
424 287
425 286
426 285
427 284
428 283
429 282
430 281
431 280
432 279
433 278
434 277
435 276
436 275
437 274
438 273
439 272
440 271
441 270
442 269
443 268
444 267
445 266
446 265
447 264
448 263
449 262
450 261
451 260
452 259
453 258
454 257
455 256
456 255
457 254
458 253
459 252
460 251
461 250
462 249
463 248
464 247
465 246
466 245
467 244
466 243
466 242
466 241
465 240
465 239
464 238
463 237
462 236
461 235
461 234
461 233
461 232
460 231
460 230
460 229
460 228
460 227
460 226
460 225
460 224
460 223
460 222
461 221
462 220
462 219
462 218
462 217
463 216
464 215
464 214
464 213
465 212
466 211
466 210
466 209
466 208
466 207
466 206
466 205
466 204
467 203
467 202
467 201
467 200
466 199
466 198
467 197
467 196
466 195
466 194
466 193
466 192
465 191
465 190
465 189
465 188
465 187
465 186
466 185
466 184
466 183
465 182
465 181
465 180
465 179
464 178
464 177
464 176
464 175
465 174
465 173
465 172
465 171
465 170
466 169
466 168
466 167
466 166
466 165
466 164
467 163
468 162
469 161
470 160
469 159
469 158
470 157
470 156
469 155
468 154
467 153
467 152
467 151
467 150
466 149
466 148
467 147
467 146
468 145
468 144
468 143
469 142
469 141
468 140
467 139
466 138
466 137
466 136
466 135
466 134
466 133
466 132
467 131
468 130
468 129
467 128
466 127
465 126
464 125
463 124
462 123
461 122
460 121
459 120
458 119
458 118
457 117
456 116
455 115
455 114
454 113
454 112
454 111
454 110
454 109
453 108
454 107
455 106
455 105
456 104
456 103
456 102
456 101
456 100
456 99
456 98
455 97
455 96
456 95
456 94
455 93
455 92
456 91
457 90
457 89
458 88
459 87
458 86
458 85
458 84
457 83
456 82
456 81
456 80
456 79
456 78
456 77
456 76
456 75
457 74
457 73
458 72
458 71
458 70
458 69
458 68
459 67
460 66
460 65
460 64
461 63
461 62
461 61
461 60
462 59
463 58
464 57
464 56
464 55
465 54
466 53
466 52
467 51
467 50
466 49
466 48
466 47
466 46
466 45
466 44
466 43
466 42
466 41
467 40
468 39
467 38
466 37
465 36
464 35
463 34
462 33
461 32
461 31
461 30
460 29
459 28
458 27
457 26
456 25
455 24
455 23
455 22
455 21
455 20
455 19
455 18
455 17
455 16
455 15
455 14
455 13
455 12
455 11
455 10
454 9
453 8
452 7
451 6
450 5
449 4
448 3
447 2
446 1
445 0
