135 0
136 1
137 2
138 3
139 4
140 5
141 6
142 7
143 8
144 9
144 10
144 11
144 12
144 13
144 14
144 15
144 16
144 17
144 18
144 19
144 20
144 21
144 22
144 23
144 24
144 25
144 26
144 27
144 28
144 29
144 30
144 31
144 32
144 33
144 34
144 35
144 36
144 37
144 38
144 39
144 40
144 41
144 42
144 43
144 44
145 45
146 46
147 47
148 48
149 49
150 50
151 51
152 52
153 53
154 54
155 55
156 56
157 57
158 58
159 59
160 60
161 61
162 62
163 63
164 64
165 65
166 66
167 67
168 68
169 69
170 70
171 71
172 72
173 73
174 74
175 75
176 76
177 77
178 78
179 79
180 80
181 81
182 82
183 83
184 84
185 85
186 86
187 87
188 88
189 89
190 90
191 91
192 92
193 93
194 94
195 95
196 96
197 97
198 98
199 99
200 100
201 101
202 102
203 103
204 104
205 105
206 106
207 107
208 108
209 109
210 110
211 111
212 112
213 113
214 114
215 115
216 116
217 117
218 118
219 119
220 120
221 121
222 122
223 123
224 124
225 125
226 126
227 127
228 128
229 129
230 130
231 131
232 132
233 133
234 134
235 135
236 136
237 137
238 138
239 139
240 140
241 141
242 142
243 143
244 144
245 145
245 146
245 147
245 148
246 149
246 150
247 151
248 152
249 153
250 154
251 155
252 156
253 157
254 158
254 159
255 160
256 161
257 162
258 163
259 164
260 165
261 166
262 167
263 168
264 169
265 170
266 171
267 172
268 173
269 174
270 175
271 176
272 177
273 178
274 179
275 180
276 181
277 182
278 183
279 184
280 185
281 186
282 187
283 188
284 189
285 190
286 191
287 192
288 193
289 194
290 195
291 196
292 197
293 198
294 199
295 200
296 201
297 202
298 203
299 204
300 205
301 206
302 207
303 208
304 209
305 210
306 211
307 212
308 213
309 214
310 215
311 216
312 217
313 218
314 219
315 220
316 221
317 222
318 223
319 224
320 225
321 226
322 227
323 228
324 229
325 230
326 231
327 232
328 233
329 234
330 235
331 236
332 237
333 238
334 239
335 240
336 241
337 242
338 243
339 244
340 245
341 246
342 247
343 248
344 249
345 250
346 251
347 252
348 253
349 254
350 255
351 256
352 257
353 258
354 259
355 260
356 261
357 262
358 263
359 264
360 265
361 266
362 267
363 268
364 269
365 270
366 271
367 272
368 273
369 274
370 275
371 276
372 277
373 278
374 279
375 280
376 281
377 282
378 283
379 284
380 285
381 286
382 287
383 288
384 289
385 290
386 291
387 292
388 293
389 294
390 295
391 296
392 297
393 298
394 299
395 300
396 301
397 302
398 303
399 304
400 305
401 306
402 307
403 308
404 309
405 310
406 311
407 312
408 313
409 314
410 315
411 316
412 317
413 318
414 319
415 320
416 321
417 322
418 323
419 324
420 325
421 326
420 327
419 328
418 329
417 330
416 331
415 332
414 333
413 334
412 335
411 336
410 337
409 338
408 339
407 340
406 341
406 342
405 343
405 344
404 345
404 346
403 347
402 348
402 349
402 350
402 351
402 352
401 353
400 354
400 355
400 356
400 357
401 358
402 359
403 360
404 361
405 362
405 363
405 364
405 365
404 366
403 367
402 368
401 369
400 370
400 371
400 372
400 373
401 374
401 375
401 376
400 377
400 378
401 379
401 380
401 381
400 382
400 383
400 384
401 385
401 386
401 387
401 388
401 389
401 390
400 391
400 392
400 393
400 394
401 395
401 396
401 397
401 398
401 399
401 400
400 401
400 402
400 403
400 404
400 405
401 406
401 407
402 408
402 409
403 410
404 411
405 412
406 413
407 414
408 415
409 416
410 417
411 418
412 419
413 420
414 421
415 422
416 423
417 424
418 425
419 426
420 427
421 428
422 429
423 430
424 431
425 432
426 433
427 434
428 435
429 436
430 437
431 438
432 439
433 440
434 441
435 442
436 443
437 444
438 445
439 445
440 444
441 444
442 443
443 442
444 441
445 441
446 441
447 441
448 441
449 441
450 441
451 441
452 441
453 441
454 441
455 441
456 441
457 441
458 441
459 441
460 441
461 441
462 441
463 441
464 441
465 441
466 441
467 441
468 441
469 441
470 441
471 441
472 441
473 441
474 441
475 441
476 441
477 441
478 441
479 441
480 441
481 441
482 441
483 441
484 441
485 441
486 441
487 441
488 441
489 441
490 441
491 441
492 440
493 439
494 438
495 437
496 436
497 435
498 434
499 433
