171 0
172 1
173 2
174 3
175 4
176 5
177 6
178 7
179 8
179 9
179 10
179 11
178 12
177 13
176 14
175 15
174 16
173 17
172 18
171 19
170 20
169 21
168 22
167 23
166 24
165 25
164 26
163 27
162 28
161 29
160 30
159 31
158 32
157 33
156 34
155 35
154 36
153 37
152 38
151 39
150 40
149 41
148 42
147 43
146 44
145 44
144 44
143 44
142 44
141 44
140 43
139 44
138 44
137 44
136 44
135 43
134 44
133 45
132 45
131 45
130 45
129 44
128 44
127 44
126 44
125 45
124 45
123 46
122 47
122 48
122 49
123 50
123 51
123 52
124 53
124 54
124 55
124 56
124 57
124 58
124 59
124 60
124 61
124 62
125 63
126 64
125 65
125 66
125 67
125 68
125 69
124 70
125 71
126 72
127 73
128 74
129 75
130 76
131 77
131 78
131 79
131 80
132 81
133 82
134 83
135 84
136 85
137 86
138 87
139 88
140 89
141 90
142 91
143 92
144 93
144 94
143 95
142 96
141 97
140 98
139 99
138 100
137 101
136 102
135 103
134 104
133 105
132 106
131 107
130 108
129 109
128 110
127 111
126 112
125 113
124 114
123 115
122 116
121 117
120 118
119 119
118 120
117 121
116 122
115 123
114 124
113 125
112 126
111 127
110 128
109 129
108 130
107 131
106 132
106 133
105 134
105 135
105 136
105 137
104 138
103 139
102 140
101 141
100 142
99 143
98 144
97 145
96 146
95 147
94 148
93 149
92 150
91 151
90 152
90 153
89 154
88 155
87 156
87 157
86 158
86 159
86 160
87 161
88 162
89 163
90 164
91 165
92 166
93 167
94 168
95 169
96 170
96 171
97 172
98 173
99 174
100 175
101 176
101 177
101 178
102 179
103 180
103 181
103 182
103 183
104 184
104 185
104 186
103 187
102 188
101 189
100 190
99 191
98 192
97 193
96 194
96 195
95 196
95 197
95 198
94 199
94 200
95 201
95 202
96 203
96 204
96 205
97 206
97 207
98 208
98 209
98 210
97 211
97 212
97 213
97 214
97 215
98 216
97 217
97 218
96 219
97 220
97 221
96 222
97 223
97 224
97 225
97 226
97 227
97 228
96 229
96 230
96 231
96 232
97 233
96 234
96 235
95 236
96 237
97 238
98 239
99 240
100 241
101 242
102 243
103 244
104 245
105 246
106 247
107 248
108 249
109 250
110 251
111 252
112 253
113 254
114 255
115 254
116 254
117 254
118 254
119 254
120 254
121 254
122 254
123 254
124 254
125 254
126 255
127 256
128 256
129 255
130 254
131 253
132 252
133 252
134 253
135 253
136 252
137 252
138 252
139 253
140 254
141 255
142 256
143 257
144 258
145 259
146 260
147 261
148 262
149 262
150 262
151 262
152 263
153 263
154 263
155 263
156 262
157 261
158 260
159 259
160 258
161 257
162 256
163 255
164 254
165 253
166 254
167 254
168 254
169 254
170 255
171 254
172 254
173 254
174 254
175 255
176 255
177 255
178 255
179 256
180 257
181 258
182 259
183 260
184 261
185 261
186 260
187 259
188 258
189 257
190 256
191 255
192 254
193 253
194 252
195 251
196 250
197 249
198 248
199 247
200 246
201 245
202 244
203 243
204 242
205 241
206 240
207 239
208 238
209 237
210 236
211 235
212 234
213 233
214 232
215 231
216 230
217 229
218 229
219 229
220 229
221 228
222 228
223 227
224 226
225 225
226 224
227 223
228 222
229 222
230 221
231 221
232 221
233 221
234 221
235 221
236 221
237 222
238 222
239 223
240 224
241 224
242 224
243 224
244 224
245 224
246 224
247 225
248 225
249 225
250 225
251 224
252 225
253 225
254 225
255 225
256 225
257 225
258 225
259 225
260 225
261 225
262 226
263 227
264 228
265 229
266 230
267 231
268 230
269 229
270 228
271 228
272 227
273 227
274 226
275 226
276 226
277 226
278 226
279 226
280 227
281 228
282 229
283 229
284 229
285 228
286 227
287 226
288 225
289 225
290 225
291 224
292 223
293 222
294 221
295 220
296 219
297 218
298 217
299 216
300 215
301 214
302 213
303 212
304 212
305 211
306 211
307 211
308 212
309 213
310 214
311 215
312 216
313 217
314 218
315 219
316 220
317 221
318 222
319 223
320 223
321 223
322 224
323 225
324 225
325 226
326 227
327 228
328 229
329 230
330 231
331 232
332 233
333 234
334 235
335 236
336 237
337 238
338 239
339 240
340 241
341 242
342 243
343 244
344 245
345 246
346 247
347 248
348 249
349 250
350 251
351 252
352 253
353 254
354 255
353 256
353 257
354 258
353 259
352 260
351 261
351 262
351 263
351 264
351 265
352 266
352 267
352 268
352 269
353 270
352 271
352 272
351 273
350 274
351 275
351 276
351 277
351 278
351 279
351 280
351 281
351 282
351 283
351 284
351 285
351 286
351 287
351 288
351 289
351 290
352 291
353 292
354 293
355 294
356 295
357 296
358 297
359 298
360 299
361 300
362 301
363 302
364 303
365 304
366 305
367 306
368 307
369 308
370 309
371 310
372 311
373 312
374 313
375 314
376 315
377 316
378 317
379 318
380 319
381 320
382 321
383 322
384 323
385 324
386 325
387 326
388 327
389 328
390 329
391 330
392 331
393 332
394 333
395 334
396 335
397 336
398 337
399 338
400 339
401 340
402 341
403 342
404 343
405 344
406 345
407 346
408 347
409 348
410 349
411 350
412 351
413 352
414 353
415 354
416 355
417 356
418 357
419 358
420 359
421 360
422 361
423 362
424 363
425 364
426 365
427 366
428 367
429 368
430 369
431 370
432 371
433 372
434 373
435 374
436 375
437 376
438 377
439 378
440 379
441 380
442 381
443 382
444 383
445 384
446 385
447 386
448 387
449 388
450 389
451 390
452 391
453 392
454 393
455 394
456 395
457 396
457 397
456 398
456 399
456 400
456 401
456 402
455 403
454 404
454 405
455 406
455 407
455 408
456 409
456 410
457 411
458 412
458 413
458 414
457 415
456 416
456 417
456 418
457 419
457 420
458 421
459 422
460 423
461 424
462 425
463 426
464 427
465 428
466 429
467 430
468 431
469 432
470 433
471 434
472 435
473 436
474 437
475 438
476 439
477 440
478 441
479 442
480 443
480 444
481 445
481 446
481 447
481 448
481 449
481 450
482 451
481 452
481 453
481 454
482 455
481 456
481 457
480 458
479 459
478 460
478 461
477 462
476 463
475 464
474 465
473 466
472 467
471 468
470 469
469 470
468 471
467 472
466 473
465 474
465 475
465 476
465 477
465 478
465 479
465 480
465 481
465 482
465 483
465 484
465 485
465 486
465 487
465 488
465 489
465 490
465 491
465 492
465 493
465 494
464 495
463 496
462 497
461 498
460 499
