290 0
291 1
292 2
293 3
294 4
295 5
296 6
297 7
298 8
299 9
300 10
300 11
300 12
300 13
300 14
300 15
300 16
300 17
300 18
300 19
300 20
300 21
300 22
300 23
300 24
300 25
300 26
300 27
300 28
300 29
300 30
300 31
300 32
300 33
300 34
300 35
300 36
300 37
300 38
300 39
300 40
300 41
300 42
300 43
300 44
301 45
302 46
303 47
304 48
305 49
306 50
307 51
308 52
309 53
310 54
311 55
312 56
313 57
314 58
315 59
316 60
317 61
318 62
319 63
320 64
321 65
322 66
323 67
324 68
325 69
326 70
327 71
328 72
329 73
330 74
331 75
332 76
333 77
334 78
335 79
336 80
337 81
338 82
339 83
340 84
341 85
342 86
343 87
344 88
345 89
346 90
347 91
348 92
349 93
350 94
351 95
352 96
353 97
354 98
355 99
356 100
357 101
358 102
359 103
360 104
361 105
362 106
363 107
364 108
365 109
366 110
367 111
368 112
369 113
370 114
371 115
372 116
373 117
374 118
375 119
376 120
377 121
378 122
379 123
380 124
381 125
382 126
383 127
384 128
385 129
386 130
387 131
388 132
389 133
390 134
391 135
392 136
393 137
394 138
395 139
396 140
397 141
398 142
399 143
400 144
401 145
402 146
403 147
404 148
405 149
406 150
407 151
408 152
409 153
410 154
411 155
412 156
413 157
414 158
415 159
416 160
417 161
418 162
419 163
420 164
421 165
422 166
423 167
424 168
425 169
426 170
427 171
428 172
429 173
430 174
431 175
432 176
433 177
433 178
432 179
431 180
430 181
429 182
428 183
427 184
426 185
425 186
424 187
423 188
422 189
421 190
420 191
419 192
418 193
417 194
416 195
415 196
414 197
413 198
412 199
411 200
410 201
409 202
408 203
407 204
406 205
405 206
404 207
403 208
402 209
401 210
400 211
399 212
398 213
397 214
396 215
395 216
394 217
393 218
392 219
391 220
390 221
389 222
388 223
387 224
386 225
385 226
384 227
383 228
382 229
381 230
380 231
379 232
378 233
377 234
376 235
375 236
374 237
373 238
372 239
371 240
370 241
369 242
368 243
367 244
366 245
365 246
364 247
363 248
362 249
361 250
360 251
359 252
358 253
357 254
356 255
355 256
354 257
353 258
352 259
351 260
350 261
349 262
348 263
347 264
346 265
345 266
344 267
343 268
342 269
341 270
340 271
339 272
338 273
337 274
336 275
335 276
334 277
333 278
332 279
331 280
330 281
329 282
328 283
327 284
326 285
325 286
324 287
323 288
322 289
321 290
320 291
319 292
318 293
317 294
316 295
315 296
314 297
313 298
312 299
311 300
310 301
309 302
308 303
307 304
306 305
305 306
304 307
303 308
302 309
301 310
300 311
299 312
298 313
297 314
296 315
295 316
294 317
293 318
292 319
291 320
290 321
289 322
288 323
287 324
286 325
285 326
284 327
283 328
282 329
281 330
280 331
279 332
278 333
277 334
276 334
275 333
274 332
273 331
272 330
271 329
270 328
269 327
268 326
267 325
266 324
265 324
264 323
263 322
262 321
261 320
260 319
259 318
258 317
257 316
256 315
255 314
254 313
253 312
252 312
251 311
250 311
249 310
248 310
247 310
246 310
245 309
244 309
243 309
242 310
241 310
240 310
239 310
238 311
237 312
236 312
235 313
234 314
233 315
232 316
231 317
230 318
229 319
228 320
227 321
226 322
225 323
224 324
223 325
222 326
221 327
220 328
219 329
218 330
217 331
216 332
215 333
214 334
213 335
212 335
211 336
210 337
209 338
208 339
207 340
206 341
205 342
204 342
203 343
202 344
201 344
200 344
199 344
198 344
197 345
196 346
195 346
194 346
193 346
192 346
191 345
190 345
189 345
188 344
187 344
186 343
185 342
184 342
183 342
182 342
181 342
180 343
179 344
178 345
177 345
176 345
175 344
174 344
173 344
172 343
171 343
170 344
169 345
168 345
167 346
166 346
165 347
164 346
163 345
162 344
161 344
160 344
159 344
158 344
157 345
156 346
155 347
154 348
153 349
152 349
151 350
151 351
150 352
149 353
149 354
149 355
149 356
149 357
148 358
147 359
147 360
146 361
147 362
147 363
146 364
146 365
146 366
146 367
146 368
146 369
146 370
145 371
144 372
143 373
142 374
141 375
140 376
139 377
138 378
138 379
139 380
139 381
140 382
141 383
142 384
143 385
144 386
143 387
142 388
141 389
140 390
139 391
138 392
137 393
136 394
135 395
134 396
133 397
132 398
131 399
130 400
129 401
128 402
127 403
126 404
125 405
124 406
123 407
122 408
121 409
120 410
119 411
118 412
117 413
116 414
115 415
114 416
113 417
112 418
111 419
110 420
109 421
108 422
107 423
106 424
105 425
104 426
103 427
102 428
101 429
100 430
99 431
98 432
97 433
96 434
95 435
94 436
93 437
92 438
91 439
90 440
89 441
88 442
87 443
86 444
85 445
84 445
83 445
82 445
81 445
80 445
79 445
78 445
77 445
76 445
75 445
74 445
73 444
72 444
71 444
70 444
69 444
68 443
67 442
66 441
65 440
64 439
63 438
62 437
61 436
60 435
59 434
58 433
57 432
56 431
55 430
54 429
53 428
52 427
51 426
50 425
49 424
48 423
47 422
46 421
45 420
44 419
43 418
42 417
41 416
40 415
39 414
38 413
37 412
36 411
35 410
34 410
33 410
32 410
31 410
30 410
29 410
28 410
27 410
26 410
25 410
24 410
23 410
22 410
21 410
20 410
19 410
18 410
17 410
16 410
15 410
14 410
13 410
12 410
11 410
10 410
9 410
8 409
7 408
6 407
5 406
4 405
3 404
2 403
1 402
0 401
