0 382
1 383
2 384
3 385
4 386
5 387
6 388
7 389
8 390
9 391
10 392
11 393
12 394
13 395
14 395
15 395
16 395
17 395
18 395
19 395
20 395
21 395
22 395
23 395
24 396
25 397
26 397
27 397
28 398
29 398
30 398
31 398
32 399
33 399
34 399
35 400
36 401
37 402
38 403
39 404
40 405
41 406
42 407
43 408
44 409
45 410
46 411
47 412
48 412
49 412
50 412
51 412
52 412
53 412
54 412
55 412
56 412
57 412
58 412
59 412
60 412
61 412
62 412
63 412
64 413
65 414
66 415
67 416
68 417
69 417
70 417
71 417
72 417
73 417
74 416
75 417
76 418
77 418
78 418
79 418
80 417
81 416
82 415
83 414
84 413
85 412
86 411
87 410
88 409
89 408
90 407
91 406
92 405
93 404
94 403
95 402
96 401
97 400
98 399
99 398
100 397
101 396
102 395
103 394
104 393
105 392
106 391
107 390
108 389
109 388
110 387
111 387
112 386
113 385
114 384
115 383
116 382
117 381
118 380
119 379
120 378
121 377
122 377
123 376
124 375
125 375
126 375
127 375
128 375
129 374
130 374
131 374
132 375
133 375
134 375
135 376
136 376
137 376
138 376
139 376
140 376
141 376
142 376
143 377
144 376
145 376
146 377
147 377
148 376
149 375
150 375
151 374
152 374
153 375
154 375
155 374
156 375
157 376
158 377
159 377
160 376
161 376
162 375
163 375
164 375
165 375
166 375
167 375
168 375
169 375
170 374
171 374
172 373
173 372
174 372
175 372
176 372
177 372
178 372
179 373
180 374
181 375
182 376
183 377
184 378
185 379
186 380
187 381
188 382
189 383
190 384
191 384
192 383
193 382
194 381
195 380
196 379
197 378
198 377
199 376
200 375
201 374
202 373
203 372
204 371
205 370
206 369
207 368
208 367
209 366
210 365
211 364
212 363
213 362
214 361
215 360
216 359
217 358
218 357
219 356
220 355
221 354
222 353
223 352
224 351
225 350
226 349
227 348
228 347
229 346
230 345
231 344
232 343
233 342
234 341
235 340
236 339
237 338
238 337
239 336
240 335
241 334
242 333
243 332
244 331
245 330
246 329
247 328
248 327
249 326
250 325
251 324
252 323
253 322
254 321
255 320
256 319
257 318
258 317
259 316
260 315
261 314
262 313
263 312
264 311
265 310
266 309
267 308
268 307
269 306
270 305
271 304
272 303
273 302
274 301
275 300
276 299
275 298
274 297
274 296
274 295
273 294
273 293
273 292
273 291
272 290
271 289
271 288
271 287
271 286
272 285
273 284
273 283
274 282
275 281
276 280
277 279
278 278
279 277
280 276
281 275
282 274
283 273
284 272
285 271
286 270
287 269
288 268
289 267
290 266
291 265
292 264
293 263
294 262
295 261
296 260
297 259
298 258
299 257
300 256
301 255
300 254
299 253
298 252
297 251
296 250
295 249
294 248
293 247
292 246
291 245
291 244
291 243
291 242
291 241
292 240
291 239
291 238
290 237
290 236
290 235
291 234
291 233
291 232
291 231
291 230
290 229
290 228
290 227
291 226
292 225
293 224
294 223
295 222
296 221
297 220
298 219
299 218
299 217
300 216
301 215
302 214
303 213
304 212
305 211
305 210
306 209
307 208
308 207
309 206
310 205
311 204
311 203
311 202
311 201
311 200
311 199
311 198
311 197
311 196
311 195
311 194
311 193
312 192
312 191
312 190
313 189
313 188
313 187
313 186
314 185
313 184
314 183
314 182
314 181
313 180
313 179
313 178
314 177
315 176
315 175
316 174
316 173
316 172
315 171
315 170
314 169
313 168
312 167
311 166
310 165
309 164
309 163
308 162
308 161
307 160
307 159
306 158
307 157
307 156
307 155
307 154
307 153
307 152
308 151
308 150
308 149
308 148
308 147
309 146
309 145
310 144
310 143
311 142
312 141
312 140
312 139
313 138
314 137
315 136
316 135
317 134
318 133
319 132
320 131
321 130
322 129
323 128
324 127
325 126
326 125
327 124
328 123
329 122
330 121
331 120
332 119
333 118
334 117
335 116
336 115
337 114
338 113
339 112
340 111
341 110
341 109
341 108
340 107
339 106
338 105
337 104
336 103
335 102
334 101
333 100
332 99
332 98
331 97
331 96
331 95
331 94
332 93
332 92
331 91
330 90
330 89
330 88
329 87
328 86
327 85
327 84
327 83
327 82
328 81
329 80
329 79
330 78
331 77
332 76
333 75
334 75
335 76
336 77
337 77
338 77
339 77
340 77
341 76
342 75
343 74
344 73
345 72
346 71
347 70
348 69
349 69
350 70
351 69
352 69
353 69
354 70
355 71
356 72
357 73
358 74
359 75
360 76
361 77
362 78
363 79
364 80
365 81
366 82
367 83
368 84
369 85
370 86
371 87
372 88
373 89
374 90
375 91
376 92
377 91
378 90
379 89
380 88
381 87
382 86
383 85
384 84
385 83
386 82
387 81
388 80
389 79
390 78
391 77
392 76
393 76
394 75
395 75
396 74
397 74
398 75
399 75
400 74
401 74
402 73
403 72
404 71
405 71
406 71
407 71
408 71
409 71
410 71
411 71
412 71
413 71
414 71
415 71
416 71
417 71
418 72
419 72
420 72
421 71
422 71
423 71
424 71
425 71
426 72
427 73
428 73
429 73
430 73
431 74
432 74
433 75
434 76
435 77
436 78
437 78
438 79
439 78
440 77
441 77
442 78
443 77
444 76
445 76
446 75
447 75
448 76
449 76
450 75
451 76
452 76
453 75
454 76
455 76
456 75
457 75
458 75
459 76
460 75
461 74
462 73
463 72
464 71
465 70
466 69
467 68
468 67
469 67
470 67
471 67
472 67
473 67
474 67
475 67
476 67
477 67
478 67
479 67
480 67
481 67
482 67
483 67
484 67
485 67
486 67
487 67
488 67
489 67
490 67
491 67
492 67
493 67
494 67
495 66
496 65
497 64
498 63
499 62
