231 0
232 1
233 2
234 3
235 4
236 5
237 6
238 7
239 8
240 9
241 10
241 11
241 12
241 13
241 14
241 15
241 16
241 17
241 18
241 19
241 20
241 21
241 22
241 23
241 24
241 25
241 26
241 27
241 28
241 29
241 30
241 31
241 32
241 33
241 34
241 35
241 36
241 37
242 38
243 39
244 40
245 41
246 42
247 43
248 44
249 45
250 46
251 47
251 48
250 49
249 50
248 51
247 52
246 53
245 54
244 55
243 56
242 57
241 58
240 59
239 60
238 61
237 62
236 63
235 64
234 65
233 66
232 67
231 68
230 69
229 70
228 71
227 72
226 73
225 74
224 75
223 76
222 77
221 78
220 79
219 80
218 81
217 82
216 83
215 84
214 85
213 86
212 87
211 88
210 89
209 90
208 91
207 92
206 93
205 94
204 95
203 96
202 97
201 98
200 99
199 100
198 101
197 102
196 103
195 104
194 105
193 106
192 107
191 108
190 109
189 110
188 111
187 112
186 113
185 114
184 115
183 116
182 117
181 118
180 119
179 120
178 121
177 122
176 123
175 124
174 125
173 126
172 127
171 128
170 129
169 130
168 131
167 132
166 133
165 134
164 135
163 136
162 137
161 138
160 139
159 140
158 141
157 142
156 143
155 144
154 145
153 146
152 147
151 148
150 149
149 150
148 151
147 152
146 153
145 154
144 155
143 156
142 157
141 158
140 159
139 160
138 161
137 162
136 163
135 164
134 165
133 166
132 167
131 168
130 169
129 170
128 171
127 172
126 173
125 174
124 175
123 176
122 177
121 178
120 179
119 180
118 181
117 182
116 183
115 184
114 185
113 186
112 187
111 188
110 189
109 190
108 191
107 192
106 193
105 194
104 195
103 196
102 197
101 198
100 199
99 200
98 201
97 201
96 201
95 200
94 200
93 201
92 200
91 200
90 200
89 199
88 200
87 201
86 201
85 201
84 202
83 201
82 200
81 200
80 201
79 202
79 203
79 204
78 205
77 206
77 207
77 208
76 209
75 210
74 211
74 212
74 213
75 214
74 215
73 216
73 217
72 218
71 219
71 220
71 221
71 222
72 223
73 224
73 225
73 226
73 227
73 228
72 229
71 230
70 231
69 232
68 233
67 234
66 235
67 236
67 237
67 238
68 239
68 240
67 241
67 242
68 243
68 244
69 245
70 246
71 247
72 248
73 249
74 250
75 251
76 252
77 253
78 254
79 255
80 256
81 257
82 258
83 259
84 260
85 261
86 262
87 263
88 264
89 265
90 266
91 267
92 268
93 269
94 270
95 271
96 272
97 273
98 274
99 275
100 276
101 277
102 278
103 279
104 280
105 281
106 282
107 283
108 284
109 285
110 286
111 287
112 288
113 289
114 290
115 291
116 292
117 293
118 294
119 295
120 296
121 297
122 298
123 299
124 300
125 301
126 302
127 303
128 304
129 305
130 306
131 307
132 308
133 309
134 310
135 311
136 312
137 313
138 314
139 315
140 316
141 317
142 318
143 319
144 320
145 321
146 322
147 323
148 324
149 325
150 326
151 327
152 328
153 329
154 330
155 331
156 332
157 333
158 334
159 335
160 336
161 337
162 338
163 339
164 340
165 341
166 342
167 343
168 344
169 345
170 346
171 347
172 348
172 349
172 350
172 351
171 352
171 353
171 354
171 355
170 356
169 357
169 358
169 359
168 360
168 361
168 362
168 363
168 364
168 365
168 366
168 367
168 368
168 369
168 370
168 371
169 372
169 373
169 374
169 375
169 376
168 377
168 378
168 379
169 380
170 381
170 382
170 383
171 384
171 385
171 386
171 387
172 388
173 389
174 390
175 391
176 392
176 393
176 394
176 395
177 396
177 397
178 398
179 399
178 400
178 401
179 402
179 403
179 404
179 405
180 406
181 407
182 408
183 409
184 410
185 411
186 412
187 413
188 414
189 415
190 416
191 417
192 418
193 419
194 420
195 421
196 422
197 423
198 424
199 425
200 426
201 427
202 428
203 429
204 430
205 431
206 432
207 433
208 434
209 435
210 436
211 437
212 438
213 439
214 440
215 441
216 442
217 443
218 444
219 445
220 446
221 447
222 448
223 449
224 450
225 451
226 452
227 453
228 454
229 455
230 456
231 457
232 458
233 459
234 460
235 461
236 462
237 463
238 464
239 465
240 464
241 464
242 464
243 463
244 462
245 462
246 461
247 461
248 462
249 462
250 463
251 463
252 464
253 464
254 464
255 464
256 464
257 463
258 462
259 461
260 460
261 460
262 460
263 460
264 459
265 458
266 459
267 459
268 458
269 459
270 459
271 458
272 458
273 457
274 456
275 455
276 454
277 454
278 455
279 455
280 454
281 454
282 453
283 453
284 453
285 453
286 453
287 452
288 451
289 450
290 450
291 450
292 451
293 450
294 451
295 451
296 452
297 452
298 452
299 453
300 454
301 455
302 456
303 457
304 458
305 459
306 460
307 461
308 462
309 463
310 464
311 465
312 466
313 466
314 466
315 466
316 466
317 466
318 466
319 466
320 466
321 466
322 466
323 467
324 468
325 469
326 470
327 471
328 472
329 473
330 474
331 475
332 476
333 477
334 478
335 479
336 480
337 481
338 482
339 483
340 484
341 485
342 486
343 487
342 488
341 489
340 490
339 491
338 492
337 493
336 494
335 495
334 496
333 497
332 498
331 499
