0 114
1 115
2 116
3 117
4 118
5 119
6 120
7 121
8 122
9 123
10 124
11 124
12 124
13 124
14 124
15 124
16 125
17 126
18 127
19 128
20 129
21 130
22 131
23 132
24 133
25 134
26 134
27 133
28 132
29 131
30 130
31 129
32 128
33 127
34 126
35 125
36 124
37 123
38 122
39 121
40 120
41 119
42 118
43 117
44 116
45 115
46 114
47 113
48 112
49 111
50 110
51 109
52 108
53 107
54 106
55 105
56 105
57 105
58 105
59 105
60 105
61 105
62 105
63 105
64 105
65 104
66 104
67 104
68 105
69 105
70 105
71 105
72 105
73 105
74 104
75 103
76 102
77 101
78 102
79 102
80 101
81 100
82 100
83 100
84 101
85 101
86 100
87 100
88 101
89 102
90 103
91 104
92 105
93 105
94 105
95 106
96 106
97 107
98 108
99 109
100 109
101 110
102 110
103 110
104 111
105 112
106 113
107 114
108 115
109 116
110 116
111 117
112 118
113 119
114 120
115 121
116 122
117 123
118 124
119 125
120 126
121 127
122 128
123 129
124 130
125 131
126 132
127 133
128 134
129 135
130 136
131 137
132 138
133 139
134 140
135 141
136 142
137 143
138 144
139 144
140 143
141 142
142 141
143 140
144 139
145 138
146 137
147 136
148 135
149 134
150 133
151 132
152 131
153 130
154 129
155 128
156 127
157 126
158 125
159 124
160 123
161 122
162 121
163 120
164 119
165 118
166 117
167 116
168 115
169 114
170 113
171 112
172 111
173 110
174 109
175 108
176 107
177 106
178 105
179 104
180 103
181 102
182 101
183 100
184 99
185 98
186 97
187 96
188 95
189 94
190 93
191 92
192 91
193 90
194 89
195 88
196 88
197 88
198 87
199 86
200 85
201 84
202 84
203 84
204 84
205 84
206 85
207 86
208 87
209 88
210 89
211 90
212 91
213 92
214 93
215 94
216 95
217 96
218 97
219 98
220 99
221 100
222 101
223 102
224 103
225 104
226 105
227 106
228 107
229 108
230 109
231 110
232 111
233 112
234 113
235 114
236 115
237 116
238 117
239 118
240 117
241 117
242 116
243 116
244 116
245 116
246 115
247 115
248 115
249 115
250 116
251 116
252 117
253 118
254 117
255 116
256 115
257 115
258 115
259 114
260 113
261 114
262 113
263 113
264 112
265 112
266 111
267 112
268 112
269 112
270 113
271 113
272 113
273 113
274 112
275 111
276 111
277 111
278 112
279 113
280 114
281 115
282 116
283 116
284 116
285 116
286 117
287 117
288 118
289 118
290 118
291 118
292 117
293 117
294 116
295 116
296 116
297 115
298 115
299 115
300 116
301 116
302 116
303 115
304 115
305 116
306 116
307 117
308 117
309 118
310 118
311 117
312 117
313 118
314 118
315 118
316 118
317 117
318 116
319 115
320 115
321 115
322 115
323 116
324 116
325 116
326 116
327 116
328 116
329 116
330 116
331 116
332 115
333 114
334 113
335 112
336 111
337 111
338 111
339 111
340 111
341 110
342 109
343 109
344 108
345 107
346 106
347 105
348 104
349 103
350 102
351 101
352 100
353 99
354 98
355 97
356 97
357 96
358 96
359 96
360 97
361 98
362 98
363 99
364 99
365 99
366 98
367 98
368 97
369 97
370 96
371 97
372 97
373 96
374 96
375 96
376 96
377 97
378 98
379 99
380 100
381 101
382 102
383 103
384 104
385 105
386 106
387 107
388 108
389 109
390 110
391 111
392 112
393 113
394 114
395 115
396 116
397 117
398 118
399 119
400 120
401 121
402 122
403 123
404 124
405 125
406 126
407 127
408 128
409 129
410 130
411 131
412 132
413 133
414 134
415 135
416 136
417 137
418 138
419 137
420 136
421 136
422 135
423 135
424 135
425 135
426 134
427 133
428 132
429 132
430 132
431 132
432 132
433 132
434 133
435 133
436 132
437 132
438 132
439 132
440 132
441 133
442 133
443 134
444 135
445 136
446 137
447 137
448 138
449 138
450 138
451 138
452 139
453 140
454 140
455 141
456 142
457 143
458 144
459 145
460 146
461 147
462 148
463 149
464 150
465 151
466 152
467 153
468 154
469 155
470 156
471 157
472 158
473 159
474 160
474 161
474 162
474 163
475 164
474 165
474 166
475 167
476 168
476 169
477 170
477 171
476 172
476 173
475 174
474 175
473 176
472 177
471 178
471 179
470 180
469 181
468 182
468 183
468 184
467 185
466 186
465 187
465 188
465 189
465 190
464 191
464 192
464 193
464 194
463 195
463 196
463 197
463 198
463 199
464 200
465 201
465 202
465 203
465 204
465 205
464 206
463 207
462 208
461 209
460 210
459 211
458 212
457 213
456 214
455 215
454 216
453 217
452 218
451 219
450 220
449 221
448 222
447 223
446 224
445 225
444 226
443 227
442 228
441 229
440 230
439 231
438 232
437 233
436 234
435 235
434 236
433 237
432 238
431 239
430 240
429 241
428 242
427 243
426 244
425 245
424 246
423 247
422 248
421 249
420 250
419 251
418 252
417 253
416 254
415 255
414 256
413 257
412 258
411 259
410 260
409 261
408 262
407 263
406 264
405 265
404 266
403 267
402 268
401 269
400 270
399 271
398 272
397 273
396 274
395 275
394 276
393 277
392 278
391 279
390 280
389 281
388 282
387 283
386 284
385 285
384 286
383 287
382 288
381 289
380 290
379 291
378 292
377 293
376 294
375 295
374 296
373 297
372 298
371 299
370 300
369 301
368 302
367 303
366 304
365 305
364 306
363 307
362 308
361 309
360 310
359 311
358 312
357 313
356 314
355 315
354 316
353 317
352 318
351 319
350 320
349 321
348 322
347 323
346 324
345 325
344 326
343 327
342 328
341 329
340 330
339 331
338 332
337 333
336 334
335 335
334 336
333 337
332 338
331 339
330 340
329 341
328 342
327 343
326 344
325 345
324 346
323 347
322 348
321 349
320 350
319 351
318 352
317 353
316 354
315 355
314 354
313 353
312 352
311 352
310 352
309 351
308 351
307 351
306 351
305 351
304 351
303 351
302 351
301 350
300 349
299 349
298 350
297 351
296 351
295 351
294 351
293 351
292 351
291 351
290 351
289 351
288 351
287 352
286 353
285 354
284 354
283 355
282 356
281 357
281 358
281 359
282 360
282 361
282 362
282 363
282 364
281 365
280 366
279 367
278 368
277 369
276 370
275 371
275 372
276 373
275 374
274 375
273 376
272 377
273 378
274 379
275 380
276 381
277 382
278 383
279 384
280 385
281 386
282 387
282 388
282 389
282 390
282 391
283 392
284 393
285 394
286 395
287 396
288 397
289 398
290 399
290 400
291 401
292 402
293 403
294 404
295 405
295 406
296 407
297 408
298 409
298 410
298 411
299 412
299 413
299 414
298 415
298 416
297 417
296 418
295 419
294 420
293 421
293 422
292 423
291 424
290 425
290 426
290 427
291 428
291 429
291 430
291 431
291 432
292 433
292 434
292 435
292 436
293 437
294 438
295 439
296 440
297 441
298 442
299 443
300 444
301 445
302 446
303 447
304 448
305 449
306 450
307 451
308 452
309 453
310 454
311 455
312 456
313 457
314 458
315 459
316 460
317 461
318 462
319 463
320 464
321 465
322 466
323 467
324 468
325 469
326 470
327 471
328 472
329 473
330 474
331 475
332 476
333 477
334 478
335 479
336 480
337 480
338 479
339 478
340 477
341 476
342 475
343 474
344 473
345 473
346 472
347 471
348 471
349 471
350 470
351 469
352 468
353 467
354 466
355 465
356 464
357 463
358 462
359 461
360 460
361 459
362 458
363 457
364 456
365 455
366 454
367 453
368 452
369 451
370 450
371 449
372 448
373 447
374 446
375 445
376 444
377 443
378 442
379 441
380 440
381 439
382 438
383 437
384 436
385 435
386 434
387 433
388 432
389 431
390 430
391 429
392 428
393 427
394 426
395 425
396 424
397 423
398 422
399 421
400 420
401 419
402 418
403 417
404 416
405 415
406 414
407 413
407 412
408 411
409 410
409 409
410 408
411 408
412 408
413 407
414 407
415 407
416 406
417 406
418 405
419 404
420 404
421 404
422 404
423 404
424 403
425 404
426 404
427 404
428 404
429 404
430 405
431 405
432 406
433 407
434 408
435 408
436 408
437 408
438 408
439 407
440 407
441 406
442 406
443 406
444 405
445 404
446 403
447 403
448 402
449 401
450 401
451 401
452 401
453 401
454 401
455 401
456 401
457 401
458 401
459 401
460 401
461 401
462 401
463 401
464 401
465 401
466 401
467 401
468 401
469 401
470 401
471 401
472 401
473 401
474 401
475 401
476 401
477 401
478 401
479 401
480 401
481 401
482 401
483 401
484 401
485 401
486 401
487 401
488 401
489 401
490 401
491 400
492 399
493 398
494 397
495 396
496 395
497 394
498 393
499 392
