0 140
1 141
2 142
3 143
4 144
5 145
6 146
7 147
8 148
9 149
10 149
11 149
12 149
13 149
14 149
15 149
16 149
17 149
18 149
19 149
20 149
21 149
22 149
23 149
24 149
25 149
26 149
27 149
28 149
29 149
30 149
31 149
32 149
33 149
34 149
35 149
36 149
37 149
38 149
39 149
40 149
41 149
42 149
43 150
44 151
45 152
46 153
47 154
48 155
49 156
50 157
51 158
52 159
53 160
54 161
55 162
56 163
57 164
58 165
59 166
60 167
61 168
62 169
63 170
64 171
65 172
66 173
67 174
68 175
69 176
70 177
71 178
72 179
73 180
74 181
75 182
76 183
77 184
78 185
79 186
80 187
81 188
82 189
83 190
84 191
85 192
86 193
87 194
88 195
89 196
90 197
91 198
92 199
93 200
94 201
95 202
96 203
97 204
98 205
99 206
100 207
101 208
102 209
103 210
102 211
101 212
100 213
99 214
98 215
97 216
96 217
95 218
94 219
93 220
92 221
91 222
90 223
89 224
88 225
87 226
86 227
85 228
85 229
84 230
83 231
82 232
82 233
81 234
81 235
80 236
79 237
79 238
80 239
80 240
80 241
80 242
80 243
80 244
80 245
80 246
81 247
82 248
83 249
84 250
85 251
86 252
87 253
88 254
89 255
90 256
89 257
89 258
89 259
88 260
88 261
88 262
88 263
88 264
88 265
87 266
86 267
85 268
84 269
84 270
83 271
83 272
83 273
82 274
81 275
80 276
80 277
80 278
81 279
80 280
80 281
80 282
80 283
80 284
79 285
80 286
80 287
80 288
80 289
80 290
80 291
80 292
80 293
80 294
80 295
80 296
80 297
81 298
82 299
83 300
84 301
85 302
86 303
85 304
86 305
86 306
87 307
88 308
89 309
90 310
91 311
92 312
93 313
94 314
95 315
96 316
97 317
98 318
99 319
100 320
101 321
102 322
103 323
104 324
105 325
106 326
106 327
107 328
107 329
107 330
107 331
108 332
108 333
109 334
109 335
109 336
110 337
111 338
111 339
110 340
110 341
110 342
109 343
109 344
109 345
110 346
110 347
109 348
109 349
109 350
110 351
111 352
112 353
113 354
114 355
114 356
115 357
116 358
117 359
118 360
119 361
120 362
121 363
122 364
123 365
124 366
125 367
126 368
127 369
128 370
129 371
130 372
131 373
132 374
133 375
134 375
135 374
136 373
137 372
138 371
139 370
140 369
141 368
142 367
143 366
144 365
145 364
146 363
147 362
148 361
149 360
150 359
151 358
152 357
153 356
154 355
155 354
156 353
157 352
158 351
159 350
160 349
161 348
162 347
163 346
164 345
165 344
166 343
167 342
168 341
169 340
170 339
171 338
172 337
173 336
174 335
175 334
176 333
177 332
178 331
179 330
180 329
180 328
179 327
178 326
177 325
176 324
175 323
174 322
173 321
172 320
171 319
171 318
170 317
170 316
171 315
171 314
172 313
172 312
172 311
173 310
174 309
175 308
176 307
177 306
178 305
179 304
179 303
180 302
181 301
182 301
183 301
184 300
185 300
186 299
187 298
188 297
189 297
190 297
191 297
192 296
193 296
194 295
195 294
196 293
197 292
198 291
199 290
200 290
201 290
202 289
203 289
204 289
205 288
206 287
207 286
208 286
209 285
210 285
211 285
212 285
213 285
214 286
215 287
216 288
217 288
218 288
219 289
220 290
221 290
222 289
223 289
224 289
225 289
226 290
227 290
228 290
229 290
230 290
231 290
232 291
233 291
234 292
235 292
236 292
237 292
238 293
239 293
240 293
241 294
242 295
243 296
244 296
245 296
246 297
247 298
248 299
249 300
250 300
251 301
252 301
253 301
254 301
255 301
256 301
257 301
258 301
259 301
260 302
261 303
262 304
263 305
264 306
265 307
266 308
267 309
268 310
269 311
270 312
271 313
272 314
273 315
274 316
275 317
276 318
277 319
278 320
279 321
280 322
281 323
282 324
283 325
284 326
285 327
286 328
287 329
288 330
289 331
290 332
291 333
292 334
293 335
294 336
295 337
296 338
297 339
298 340
299 341
300 342
301 343
302 344
303 345
304 346
305 347
306 348
307 349
308 350
309 351
310 352
311 353
312 354
313 355
314 356
315 357
316 358
317 359
318 360
319 361
320 362
321 363
322 364
323 365
324 366
325 367
326 368
327 369
328 370
329 371
330 372
331 373
332 374
333 375
334 376
335 377
336 378
337 379
338 380
339 379
340 378
341 377
342 376
343 375
344 374
345 373
346 372
347 371
348 370
349 369
350 368
351 367
352 366
353 365
354 364
355 363
356 362
357 361
358 360
359 359
360 358
361 357
362 356
363 355
364 354
365 353
366 352
367 351
368 350
369 349
370 348
371 347
372 346
373 345
374 344
375 343
376 342
377 341
378 340
379 339
380 338
381 337
382 336
383 335
384 334
385 333
386 332
387 331
388 330
389 329
390 328
391 327
392 326
393 325
394 324
395 323
396 322
397 321
398 320
399 319
400 318
401 317
402 316
403 315
404 314
405 313
406 312
407 311
408 310
409 309
410 308
411 307
412 306
413 305
414 304
415 303
416 302
417 301
418 300
419 299
420 298
421 297
422 296
423 295
424 294
425 293
426 292
427 291
428 290
429 289
430 288
431 287
432 286
433 285
434 284
435 283
436 282
437 281
438 280
439 279
440 278
441 277
442 276
443 275
444 274
445 273
445 272
445 271
445 270
445 269
446 268
445 267
445 266
445 265
445 264
445 263
445 262
445 261
445 260
445 259
445 258
445 257
445 256
446 255
446 254
447 253
448 252
447 251
446 250
445 249
445 248
445 247
445 246
444 245
444 244
444 243
445 242
445 241
445 240
445 239
445 238
445 237
445 236
445 235
445 234
445 233
445 232
444 231
445 230
445 229
445 228
446 227
447 226
448 225
447 224
447 223
448 222
449 222
450 222
451 221
452 220
453 219
454 218
455 217
456 216
457 215
458 214
459 213
460 213
461 213
462 213
463 213
464 213
465 213
466 213
467 213
468 213
469 213
470 213
471 213
472 213
473 213
474 213
475 213
476 213
477 213
478 213
479 213
480 213
481 213
482 213
483 213
484 213
485 213
486 213
487 213
488 213
489 212
490 211
491 210
492 209
493 208
494 207
495 206
496 205
497 204
498 203
499 202
