0 110
1 111
2 112
3 113
4 114
5 115
6 116
7 117
8 118
9 119
10 120
11 121
12 122
13 123
14 123
15 123
16 123
17 123
18 123
19 123
20 123
21 123
22 123
23 123
24 123
25 123
26 123
27 123
28 124
29 125
30 126
31 126
32 127
33 128
34 129
35 130
36 131
37 132
38 133
39 133
40 133
41 134
42 135
43 136
44 137
45 138
46 139
47 140
48 141
49 142
50 143
51 144
52 145
53 146
54 147
55 148
56 149
57 150
58 151
59 152
60 153
61 154
62 155
63 156
64 157
65 158
66 159
67 160
68 161
69 162
70 163
71 164
72 165
73 166
74 167
75 168
76 169
77 170
78 171
79 172
80 173
81 174
82 175
83 176
84 177
85 178
86 179
87 180
88 181
89 182
90 183
91 184
92 185
93 186
94 187
95 188
96 189
97 189
98 189
99 189
100 189
101 188
102 187
103 186
104 185
105 184
106 183
107 182
108 181
109 180
110 179
111 178
112 178
113 178
114 179
115 179
116 178
117 178
118 177
119 177
120 177
121 176
122 175
123 174
124 173
125 172
126 171
127 170
128 169
129 168
130 168
131 168
132 167
133 167
134 167
135 168
136 168
137 167
138 168
139 168
140 168
141 168
142 169
143 169
144 170
145 170
146 171
147 172
148 173
149 173
150 173
151 173
152 174
153 174
154 175
155 176
156 177
157 178
158 179
159 180
160 181
161 182
162 183
163 184
164 185
165 186
166 187
167 188
168 189
169 190
170 191
171 192
172 193
173 194
174 195
175 196
176 197
177 198
178 199
179 200
180 201
181 202
182 203
183 204
184 205
185 206
186 207
187 208
188 209
189 210
190 211
191 212
192 213
193 214
194 215
195 216
196 217
197 218
198 219
199 220
200 221
201 222
202 223
203 224
204 225
205 226
206 227
207 228
208 229
209 230
210 231
211 232
212 233
213 234
214 235
215 236
216 237
217 238
218 239
219 240
220 241
221 242
222 243
223 244
223 245
222 246
221 247
220 248
219 249
218 250
217 251
216 252
215 253
214 254
213 255
212 256
211 257
210 258
209 259
208 260
207 261
206 262
205 263
204 264
203 265
202 266
201 267
200 268
199 269
198 270
197 271
197 272
196 273
197 274
197 275
197 276
197 277
197 278
197 279
197 280
196 281
195 282
194 283
193 284
192 285
191 286
190 287
189 288
188 289
187 290
186 291
186 292
185 293
184 294
184 295
183 296
182 297
181 298
180 299
179 300
178 301
178 302
179 303
180 304
181 305
181 306
181 307
181 308
181 309
180 310
179 311
178 312
179 313
179 314
179 315
179 316
178 317
179 318
180 319
181 320
182 321
183 322
184 323
183 324
183 325
182 326
181 327
181 328
182 329
183 330
184 331
185 332
186 333
187 334
188 335
189 336
190 337
191 338
192 339
193 340
194 341
195 342
196 343
197 344
198 345
199 346
200 347
201 348
202 349
203 350
204 351
205 352
206 353
207 354
208 355
209 356
210 357
211 358
212 359
213 360
214 361
215 362
216 363
217 364
218 365
219 366
220 367
221 368
222 369
223 370
224 371
225 372
226 373
227 374
228 375
229 376
230 377
231 378
232 379
233 380
234 381
235 382
236 383
237 384
238 385
239 386
240 387
241 388
242 389
243 390
244 391
245 392
246 393
247 394
248 395
249 396
250 397
251 398
251 399
250 400
249 401
248 402
247 403
247 404
247 405
246 406
246 407
246 408
246 409
246 410
245 411
245 412
245 413
246 414
246 415
247 416
246 417
247 418
247 419
247 420
248 421
249 422
249 423
250 424
250 425
251 426
252 427
253 428
254 429
255 430
256 431
257 432
258 433
259 434
260 435
261 436
262 437
263 438
264 439
265 440
266 441
267 442
268 443
268 444
268 445
267 446
266 447
266 448
266 449
266 450
266 451
265 452
264 453
263 454
262 455
261 456
260 457
260 458
259 459
258 460
259 461
258 462
258 463
258 464
258 465
258 466
258 467
258 468
258 469
258 470
258 471
258 472
258 473
258 474
258 475
258 476
258 477
258 478
258 479
258 480
258 481
258 482
258 483
258 484
258 485
258 486
258 487
258 488
258 489
257 490
256 491
255 492
254 493
253 494
252 495
251 496
250 497
249 498
248 499
