976 987
977 986
978 985
979 984
980 983
980 982
980 981
980 980
979 979
979 978
978 977
977 976
977 975
977 974
976 973
976 972
975 971
975 970
975 969
974 968
974 967
973 966
972 965
972 964
972 963
972 962
973 961
974 960
975 959
976 958
977 957
978 956
979 955
978 954
977 953
976 952
975 951
974 950
973 949
972 948
971 947
970 946
969 945
968 944
967 943
967 942
966 941
967 940
968 939
968 938
968 937
967 936
966 935
966 934
966 933
966 932
966 931
966 930
965 929
965 928
964 927
963 926
963 925
963 924
962 923
961 922
961 921
961 920
960 919
960 918
959 917
958 916
958 915
958 914
957 913
956 912
955 911
955 910
955 909
954 908
954 907
953 906
952 905
952 904
952 903
951 902
951 901
950 900
949 899
949 898
948 897
947 896
947 895
947 894
946 893
946 892
945 891
944 890
944 889
944 888
944 887
943 886
943 885
942 884
941 883
941 882
941 881
940 880
940 879
939 878
938 877
938 876
937 875
936 874
936 873
936 872
935 871
935 870
935 869
935 868
934 867
933 866
933 865
933 864
932 863
932 862
931 861
930 860
930 859
930 858
929 857
929 856
928 855
927 854
927 853
927 852
927 851
927 850
927 849
927 848
927 847
927 846
928 845
929 844
930 843
930 842
931 841
932 840
933 839
934 838
935 837
936 836
937 835
938 834
939 833
940 832
941 831
942 830
943 829
944 828
945 827
946 826
947 825
946 824
945 823
944 822
943 821
942 820
941 819
940 818
939 817
938 816
937 815
936 814
935 813
934 812
933 811
932 810
931 809
930 808
929 807
928 806
927 805
926 804
925 803
924 802
923 801
922 800
921 799
920 798
919 797
918 796
917 796
916 797
915 798
914 799
913 800
912 801
911 802
910 803
909 804
908 804
907 805
906 805
905 806
904 807
903 808
902 808
901 807
900 806
899 805
899 804
898 803
897 802
896 801
895 800
894 799
893 798
892 797
891 796
890 795
889 794
888 793
887 792
886 791
885 790
885 789
884 788
883 787
882 786
881 785
880 784
879 783
878 782
877 781
876 780
875 779
874 778
873 777
872 776
871 775
870 774
869 773
868 772
867 772
866 772
865 773
864 774
863 774
862 774
861 775
860 776
859 776
858 777
857 778
856 779
855 780
854 781
853 782
852 783
851 784
850 785
849 785
848 785
847 786
846 787
845 788
844 789
843 790
842 791
841 791
840 791
839 790
838 789
837 788
836 787
835 786
834 785
833 784
832 783
831 782
830 781
829 780
828 779
827 778
826 777
825 777
824 776
823 776
822 776
821 777
820 777
819 778
818 779
817 779
816 780
815 781
814 782
813 783
812 783
811 783
810 784
809 785
808 786
807 786
806 786
805 787
804 788
803 788
802 787
801 786
800 785
799 784
798 783
797 782
796 781
795 780
794 779
793 778
792 777
791 776
790 775
789 774
788 773
787 772
786 771
785 771
784 771
783 771
782 771
781 771
780 772
779 773
778 774
777 774
776 775
775 776
774 777
773 778
772 779
771 778
770 777
769 776
768 775
767 774
766 773
766 772
765 771
765 770
765 769
765 768
764 767
763 766
763 765
762 764
761 763
761 762
760 761
759 760
758 759
757 758
756 757
755 756
754 755
753 754
752 753
751 752
750 751
749 750
748 749
747 748
746 748
745 748
744 748
743 748
742 748
741 748
740 747
739 746
738 745
737 744
736 743
735 742
734 741
733 740
733 739
732 738
732 737
731 736
730 735
730 734
730 733
729 732
729 731
728 730
727 729
727 728
727 727
726 726
726 725
726 724
725 723
724 722
724 721
723 720
722 719
722 718
721 717
720 716
719 715
719 714
719 713
718 712
717 711
716 710
715 709
714 708
713 707
712 706
711 705
710 705
709 705
708 706
707 707
706 707
705 708
704 708
703 708
702 709
701 710
700 710
699 710
698 709
697 708
696 707
696 706
695 705
694 704
694 703
694 702
693 701
693 700
693 699
692 698
691 697
691 696
691 695
690 694
690 693
689 692
688 691
688 690
687 689
686 688
686 687
686 686
685 685
685 684
684 683
683 682
683 681
683 680
682 679
682 678
681 677
680 676
680 675
679 674
678 673
677 672
676 671
675 670
674 669
673 669
672 668
671 667
670 666
669 665
668 664
667 663
666 662
665 661
664 660
663 659
662 658
661 657
660 656
659 655
658 654
658 653
657 652
657 651
657 650
657 649
656 648
655 647
655 646
655 645
655 644
655 643
655 642
654 641
654 640
654 639
654 638
654 637
654 636
653 635
652 634
652 633
652 632
652 631
652 630
651 629
651 628
651 627
651 626
651 625
650 624
649 623
648 622
647 621
646 620
645 619
644 618
643 617
642 616
641 615
640 614
639 613
638 612
637 611
636 610
635 609
634 608
633 607
632 606
631 605
630 604
629 603
628 602
627 601
626 602
625 602
624 602
623 602
622 602
621 603
620 604
619 604
618 604
617 604
616 604
615 605
614 605
613 605
612 605
611 605
610 606
609 607
608 607
607 607
606 607
605 607
604 608
603 608
602 608
601 608
600 608
599 609
598 610
597 610
596 610
595 610
594 611
593 611
592 611
591 611
590 611
589 611
588 612
587 613
586 613
585 613
584 613
583 614
582 615
581 615
580 615
579 615
578 615
577 616
576 616
575 616
574 616
573 616
572 617
571 618
570 618
569 618
568 619
567 619
566 619
565 619
564 619
563 619
562 619
561 619
560 620
559 621
558 621
557 621
556 621
555 621
554 621
553 621
552 621
551 621
550 621
549 621
548 621
547 620
546 619
545 619
544 619
543 619
542 619
541 618
540 618
539 617
538 616
537 616
536 616
535 615
534 615
533 614
532 613
531 613
530 612
529 611
528 611
527 610
526 610
525 609
524 608
523 608
522 608
521 607
520 607
519 606
518 605
517 605
516 605
515 604
514 604
513 604
512 603
511 602
510 602
509 602
508 601
507 600
506 599
505 598
504 597
503 597
502 596
501 595
500 594
499 593
498 592
497 591
496 590
495 589
494 588
493 587
492 586
491 585
491 584
491 583
490 582
489 581
488 580
487 579
486 578
485 577
484 577
483 577
482 577
481 577
480 578
479 579
478 579
477 579
476 579
475 579
474 580
473 580
472 580
471 580
470 580
469 580
468 579
467 578
466 577
465 576
465 575
465 574
464 573
463 572
463 571
463 570
462 569
461 568
461 567
461 566
461 565
461 564
461 563
461 562
460 561
460 560
460 559
459 558
458 557
458 556
458 555
458 554
458 553
458 552
457 551
457 550
457 549
457 548
456 547
455 546
455 545
455 544
455 543
455 542
454 541
454 540
454 539
455 538
455 537
455 536
454 535
453 534
452 533
452 532
452 531
452 530
451 529
451 528
451 527
451 526
451 525
451 524
450 523
449 522
449 521
449 520
448 519
447 518
447 517
447 516
447 515
447 514
447 513
447 512
446 511
446 510
446 509
446 508
446 507
445 506
444 505
444 504
444 503
444 502
444 501
444 500
443 499
443 498
444 497
444 496
444 495
445 494
446 493
447 492
448 491
447 490
446 489
445 488
444 487
443 486
442 485
441 484
440 483
440 482
439 481
438 480
438 479
438 478
438 477
438 476
437 475
436 474
436 473
436 472
436 471
436 470
435 469
435 468
435 467
435 466
435 465
434 464
433 463
433 462
433 461
433 460
433 459
433 458
432 457
432 456
432 455
432 454
432 453
431 452
430 451
430 450
430 449
430 448
430 447
429 446
429 445
429 444
429 443
428 442
427 441
427 440
427 439
427 438
427 437
427 436
426 435
426 434
426 433
426 432
425 431
424 430
424 429
424 428
423 427
422 426
422 425
422 424
422 423
422 422
422 421
422 420
421 419
421 418
421 417
420 416
419 415
419 414
419 413
419 412
419 411
418 410
418 409
418 408
418 407
418 406
419 405
420 404
421 403
422 402
423 401
424 400
425 399
426 398
426 397
425 396
424 395
423 394
422 393
421 392
420 391
