249 1
250 2
251 3
252 4
253 5
254 6
255 7
256 8
257 9
258 10
259 11
260 12
261 13
262 14
263 15
264 16
265 17
266 18
267 19
268 20
268 21
269 22
270 23
271 24
271 25
271 26
272 27
272 28
272 29
272 30
273 31
274 32
274 33
275 34
276 35
276 36
277 37
277 38
277 39
277 40
278 41
279 42
279 43
279 44
280 45
280 46
280 47
280 48
280 49
281 50
282 51
282 52
283 53
283 54
283 55
284 56
285 57
285 58
286 59
286 60
286 61
287 62
288 63
288 64
288 65
289 66
290 67
290 68
291 69
291 70
291 71
292 72
293 73
293 74
294 75
294 76
294 77
295 78
296 79
296 80
297 81
297 82
297 83
298 84
299 85
299 86
299 87
299 88
300 89
301 90
301 91
302 92
302 93
302 94
303 95
304 96
304 97
305 98
305 99
305 100
305 101
306 102
307 103
307 104
308 105
308 106
308 107
309 108
310 109
310 110
311 111
311 112
311 113
312 114
313 115
313 116
313 117
313 118
314 119
315 120
315 121
316 122
316 123
316 124
316 125
316 126
317 127
318 128
318 129
319 130
319 131
319 132
320 133
321 134
321 135
322 136
322 137
322 138
323 139
324 140
324 141
325 142
326 143
326 144
327 145
327 146
327 147
328 148
329 149
329 150
329 151
330 152
330 153
330 154
331 155
332 156
332 157
333 158
333 159
333 160
334 161
335 162
335 163
335 164
335 165
336 166
336 167
336 168
337 169
338 170
339 171
340 172
341 173
341 174
341 175
341 176
342 177
343 178
343 179
343 180
344 181
344 182
344 183
345 184
346 185
346 186
347 187
347 188
347 189
347 190
347 191
348 192
349 193
349 194
350 195
351 196
351 197
352 198
352 199
352 200
352 201
352 202
353 203
354 204
354 205
354 206
354 207
355 208
355 209
355 210
356 211
357 212
358 213
358 214
358 215
359 216
360 217
361 218
361 219
361 220
361 221
362 222
363 223
363 224
363 225
363 226
364 227
365 228
365 229
366 230
366 231
366 232
366 233
367 234
368 235
368 236
369 237
369 238
369 239
369 240
370 241
371 242
371 243
372 244
372 245
372 246
372 247
373 248
374 249
374 250
374 251
375 252
376 253
376 254
377 255
378 256
379 257
379 258
379 259
379 260
380 261
381 262
382 263
382 264
382 265
383 266
383 267
383 268
384 269
385 270
386 271
386 272
386 273
386 274
386 275
386 276
387 277
388 278
389 279
390 280
391 281
391 282
391 283
392 284
393 285
393 286
394 287
394 288
394 289
394 290
395 291
396 292
396 293
396 294
397 295
397 296
397 297
398 298
399 299
399 300
399 301
400 302
401 303
401 304
402 305
402 306
402 307
402 308
403 309
404 310
404 311
405 312
405 313
405 314
405 315
406 316
407 317
407 318
408 319
408 320
408 321
409 322
410 323
410 324
411 325
411 326
411 327
411 328
411 329
412 330
413 331
413 332
414 333
415 334
415 335
416 336
416 337
416 338
417 339
418 340
418 341
418 342
418 343
419 344
419 345
419 346
420 347
421 348
421 349
422 350
422 351
422 352
423 353
424 354
424 355
425 356
426 357
426 358
427 359
427 360
427 361
428 362
429 363
429 364
429 365
430 366
430 367
430 368
431 369
432 370
433 371
434 372
435 373
436 374
437 375
438 376
439 377
440 378
441 379
442 380
443 381
444 382
445 383
446 384
447 385
448 386
449 387
450 388
451 389
452 390
453 391
454 392
455 393
456 393
457 393
458 392
459 391
460 391
461 391
462 390
463 390
464 390
465 390
466 389
467 388
468 388
469 388
470 388
471 387
472 386
473 386
474 386
475 386
476 386
477 386
478 385
479 385
480 385
481 385
482 385
483 384
484 383
485 383
486 383
487 383
488 383
489 383
490 383
491 383
492 383
493 383
494 383
495 382
496 382
497 382
498 382
499 382
500 382
501 382
502 382
503 382
504 382
505 382
506 382
507 382
508 382
509 382
510 382
511 382
512 382
513 382
514 382
515 382
516 382
517 382
518 382
519 382
520 383
521 383
522 383
523 383
524 383
525 383
526 383
527 383
528 383
529 383
530 384
531 385
532 385
533 385
534 385
535 385
536 386
537 386
538 386
539 386
540 386
541 386
542 387
543 388
544 388
545 388
546 388
547 389
548 390
549 390
550 390
551 390
552 391
553 391
554 391
555 392
556 393
557 393
558 394
559 394
560 394
561 395
562 396
563 396
564 397
565 397
566 397
567 398
568 399
569 400
570 401
571 401
572 402
573 403
574 404
575 404
576 404
577 405
578 406
579 407
580 408
581 408
582 408
583 409
584 410
585 411
586 412
587 413
588 414
589 415
590 416
591 417
592 418
593 419
594 420
595 421
596 422
597 423
598 424
599 425
600 426
601 427
602 428
603 429
604 430
605 431
606 432
607 433
608 434
609 435
610 436
611 437
612 438
613 439
614 440
615 441
616 442
617 443
618 444
619 445
620 446
621 447
622 448
623 449
624 450
625 451
626 452
627 453
628 454
629 455
630 456
631 457
632 458
633 459
634 460
635 461
636 462
637 463
638 464
639 465
640 466
641 467
642 468
641 469
641 470
641 471
641 472
642 473
643 474
643 475
643 476
643 477
644 478
644 479
644 480
643 481
643 482
644 483
644 484
644 485
644 486
644 487
644 488
644 489
644 490
644 491
644 492
644 493
644 494
644 495
644 496
644 497
644 498
644 499
644 500
644 501
644 502
643 503
643 504
644 505
644 506
644 507
644 508
645 509
646 510
647 511
648 512
649 513
650 514
651 515
652 516
653 517
653 518
652 519
651 520
650 521
649 522
648 523
647 524
646 525
645 526
644 527
643 528
642 529
641 530
640 531
640 532
640 533
640 534
640 535
640 536
640 537
639 538
638 539
638 540
638 541
638 542
638 543
637 544
636 545
636 546
636 547
636 548
636 549
636 550
635 551
634 552
633 553
633 554
633 555
632 556
632 557
632 558
632 559
631 560
630 561
630 562
630 563
629 564
629 565
628 566
627 567
627 568
627 569
626 570
626 571
626 572
626 573
626 574
627 575
627 576
628 577
629 578
630 579
631 580
632 581
633 582
634 583
635 584
636 585
637 586
638 587
639 588
640 589
641 590
642 591
643 592
644 593
645 594
646 595
647 596
648 597
649 598
650 599
651 600
652 601
653 602
654 603
655 604
656 605
657 606
658 607
659 608
660 609
661 610
662 611
663 612
664 613
665 614
666 615
667 616
668 617
669 618
670 619
671 619
672 619
673 620
674 621
675 622
676 622
677 622
678 623
679 624
680 625
681 626
682 626
683 627
684 627
685 627
686 628
687 629
688 629
689 630
690 630
691 631
692 632
693 632
694 633
695 633
696 633
697 634
698 635
699 635
700 636
701 636
702 637
703 638
704 638
705 638
706 639
707 640
708 641
709 641
710 641
711 642
712 643
713 643
714 644
715 644
716 644
717 645
718 646
719 646
720 647
721 647
722 647
723 647
724 647
725 648
726 649
727 650
728 651
729 651
730 652
731 653
732 654
733 654
734 654
735 654
736 655
737 656
738 657
739 657
740 657
741 657
742 658
743 658
744 658
745 659
746 660
747 661
748 661
749 661
750 662
751 663
752 663
753 664
754 665
755 666
756 666
757 666
758 667
759 668
760 668
761 668
762 669
763 669
764 670
765 671
766 671
767 672
768 672
769 673
770 674
771 675
772 676
773 677
774 678
775 679
776 680
777 681
778 682
779 683
780 684
781 685
782 686
783 687
784 688
785 689
786 689
787 688
788 688
789 688
790 687
791 686
792 686
793 686
794 687
795 688
796 688
797 689
798 690
799 691
800 691
801 691
802 692
803 693
804 694
805 695
806 696
807 696
808 697
809 698
810 699
811 700
812 701
813 702
814 703
815 704
816 705
817 706
818 707
819 708
820 709
821 710
822 709
823 708
824 708
825 708
826 708
827 708
828 708
829 708
830 708
831 709
832 710
833 710
834 710
835 710
836 711
837 711
838 711
839 712
840 713
841 714
842 715
843 715
844 715
845 716
846 716
847 717
848 718
849 718
850 719
851 719
852 719
853 719
854 719
855 720
856 721
857 721
858 722
859 722
860 722
861 723
862 724
863 725
864 726
865 726
866 726
867 727
868 727
869 728
870 729
871 729
872 730
873 731
874 732
875 732
876 732
877 733
878 733
879 733
880 734
881 735
882 735
883 736
884 736
885 736
886 737
887 738
888 738
889 739
890 740
891 741
892 741
893 741
894 742
895 743
896 744
897 745
898 746
899 746
900 746
901 746
902 747
903 747
904 747
905 748
906 749
907 750
908 751
909 752
910 752
911 752
912 753
913 754
914 755
915 755
916 755
917 755
918 755
919 756
920 757
921 758
922 758
923 759
924 760
925 760
926 760
927 761
928 761
929 761
930 762
931 763
932 763
933 764
934 765
935 765
936 766
937 767
938 768
939 768
940 768
941 769
942 769
943 769
944 770
945 771
946 772
947 772
948 773
949 774
950 775
951 776
952 776
953 776
954 776
955 777
956 778
957 779
958 779
959 779
960 779
961 780
962 781
963 782
964 783
965 783
966 783
967 784
968 785
969 785
970 786
971 787
972 788
973 789
974 790
975 790
976 790
977 791
978 791
979 791
980 792
981 793
982 794
983 794
984 795
985 796
986 797
987 797
988 797
989 798
990 799
991 799
992 800
993 799
994 798
995 797
996 796
997 795
998 794
999 793
