999 740
998 741
997 742
996 743
995 744
994 745
993 746
992 747
991 748
990 749
989 750
988 751
987 750
986 749
985 748
984 747
983 746
982 745
981 744
980 743
979 743
978 742
977 741
976 741
975 741
974 740
973 740
972 740
971 740
970 739
969 738
968 738
967 738
966 737
965 736
964 736
963 736
962 736
961 736
960 736
959 736
958 736
957 735
956 734
955 733
954 732
953 731
952 730
951 729
950 728
949 727
948 726
947 725
946 724
945 723
944 722
943 722
942 722
941 722
940 721
939 721
938 721
937 721
936 721
935 721
934 720
933 719
932 719
931 719
930 719
929 718
928 718
927 719
926 719
925 718
924 717
923 716
922 715
921 714
920 713
919 712
918 711
917 710
916 709
915 708
914 707
913 706
912 705
911 704
910 703
909 702
908 701
908 700
907 699
907 698
907 697
908 696
908 695
908 694
909 693
910 692
910 691
911 690
911 689
911 688
911 687
912 686
913 685
913 684
913 683
914 682
915 681
916 680
916 679
916 678
917 677
918 676
918 675
919 674
919 673
919 672
920 671
921 670
921 669
922 668
922 667
922 666
923 665
924 664
924 663
924 662
925 661
926 660
927 659
927 658
928 657
929 656
929 655
930 654
930 653
930 652
931 651
932 650
932 649
932 648
933 647
933 646
933 645
932 644
931 643
930 642
929 641
928 640
927 639
926 638
925 637
924 636
923 636
922 635
921 635
920 634
919 633
918 633
917 632
916 631
915 630
914 629
913 628
912 627
911 626
910 625
909 624
908 623
907 622
906 621
905 620
904 619
904 618
904 617
905 616
905 615
905 614
904 613
903 612
902 611
901 610
900 609
899 608
898 607
897 606
896 605
895 605
894 605
893 604
892 603
891 602
890 601
889 600
888 599
887 598
886 597
885 596
884 595
883 594
882 593
881 592
880 591
879 590
878 589
877 588
876 587
875 586
874 585
873 584
872 583
871 582
870 581
869 580
870 579
871 578
871 577
872 576
872 575
873 574
874 573
874 572
875 571
876 570
876 569
877 568
877 567
878 566
879 565
879 564
880 563
880 562
880 561
881 560
882 559
882 558
883 557
883 556
884 555
885 554
885 553
886 552
886 551
886 550
887 549
888 548
889 547
890 546
890 545
891 544
891 543
891 542
892 541
893 540
893 539
894 538
893 537
892 536
891 535
890 534
889 533
888 532
887 531
886 530
885 529
884 529
883 528
882 527
881 526
880 525
879 524
878 524
877 523
876 522
875 522
874 521
873 521
872 521
871 522
870 523
869 523
868 522
867 521
866 520
865 519
864 518
863 517
862 516
861 515
860 514
859 513
858 512
857 511
856 510
855 509
854 508
853 507
852 506
851 505
850 504
849 503
848 502
847 501
846 500
845 499
844 498
843 497
842 497
841 497
840 497
839 497
838 497
837 497
836 497
835 497
834 497
833 497
832 497
831 497
830 497
829 498
828 499
827 499
826 499
825 499
824 499
823 499
822 499
821 499
820 499
819 499
818 500
817 501
816 501
815 501
814 501
813 501
812 501
811 502
810 502
809 501
808 500
807 499
806 498
805 497
804 496
803 495
802 494
801 493
800 492
799 491
799 490
799 489
799 488
799 487
799 486
799 485
799 484
799 483
800 482
801 481
801 480
801 479
801 478
801 477
801 476
801 475
801 474
801 473
801 472
801 471
801 470
801 469
801 468
801 467
801 466
801 465
801 464
801 463
801 462
801 461
801 460
801 459
801 458
800 457
799 456
798 455
797 454
796 453
795 452
794 451
793 450
792 449
791 448
790 447
789 447
788 446
787 446
786 445
785 444
784 444
783 444
782 444
781 444
780 443
779 443
778 442
777 441
776 441
775 441
774 440
773 440
772 440
771 440
770 439
769 438
768 438
767 437
766 436
765 436
764 436
763 435
762 435
761 434
760 433
759 433
758 433
757 433
756 433
755 432
754 432
753 431
752 430
751 430
750 430
749 429
748 429
747 428
746 427
745 426
744 425
743 424
742 423
741 422
740 422
739 421
738 421
737 420
736 419
735 418
734 417
733 416
732 415
731 414
730 413
729 412
728 411
727 410
726 409
725 408
724 407
723 406
722 405
721 404
721 403
721 402
721 401
720 400
719 399
719 398
719 397
718 396
718 395
718 394
718 393
717 392
716 391
716 390
716 389
715 388
715 387
715 386
715 385
714 384
713 383
713 382
713 381
712 380
711 379
711 378
711 377
710 376
710 375
710 374
710 373
709 372
708 371
708 370
708 369
707 368
707 367
707 366
707 365
707 364
707 363
706 362
705 361
705 360
705 359
705 358
705 357
705 356
705 355
705 354
705 353
704 352
704 351
704 350
704 349
704 348
704 347
704 346
704 345
703 344
702 343
702 342
702 341
702 340
702 339
702 338
702 337
702 336
702 335
702 334
702 333
702 332
702 331
702 330
702 329
702 328
702 327
702 326
702 325
702 324
702 323
702 322
702 321
702 320
702 319
702 318
702 317
702 316
702 315
702 314
702 313
702 312
703 311
704 310
704 309
704 308
704 307
704 306
704 305
704 304
704 303
705 302
705 301
705 300
705 299
705 298
705 297
705 296
705 295
705 294
705 293
705 292
706 291
707 290
707 289
707 288
707 287
707 286
707 285
707 284
707 283
708 282
708 281
708 280
708 279
708 278
708 277
708 276
708 275
708 274
708 273
709 272
710 271
710 270
710 269
710 268
710 267
710 266
710 265
710 264
711 263
711 262
711 261
711 260
711 259
711 258
711 257
711 256
711 255
712 254
713 253
713 252
713 251
713 250
713 249
713 248
713 247
713 246
713 245
714 244
715 243
715 242
715 241
715 240
715 239
715 238
715 237
715 236
716 235
716 234
716 233
716 232
716 231
716 230
716 229
716 228
716 227
717 226
718 225
718 224
718 223
718 222
718 221
718 220
718 219
718 218
718 217
717 216
716 215
715 214
714 213
713 212
712 211
711 210
710 209
709 208
708 207
707 206
706 205
705 204
704 203
703 202
702 201
701 200
700 199
699 198
698 197
697 196
696 195
695 194
694 193
693 192
692 191
691 190
690 189
689 188
688 187
687 186
686 185
685 184
684 183
683 182
682 181
681 180
680 179
679 178
678 177
677 176
676 175
675 174
674 173
673 172
672 171
671 170
670 169
669 168
669 167
669 166
668 165
667 164
666 163
665 162
664 161
663 160
662 159
661 158
661 157
660 156
659 155
658 154
657 153
656 152
655 151
655 150
655 149
655 148
654 147
654 146
654 145
653 144
652 143
652 142
652 141
652 140
652 139
651 138
651 137
651 136
651 135
650 134
649 133
649 132
649 131
649 130
649 129
648 128
647 127
647 126
647 125
647 124
647 123
646 122
646 121
646 120
645 119
644 118
644 117
644 116
644 115
644 114
644 113
644 112
643 111
643 110
643 109
642 108
641 107
640 106
639 105
638 104
637 103
636 102
635 101
634 100
633 99
632 98
631 97
630 96
629 95
628 94
627 93
627 92
626 91
625 90
624 89
623 88
622 87
621 86
620 85
619 84
618 83
617 82
616 81
615 80
614 79
613 78
612 77
611 76
610 75
609 74
608 73
607 72
606 71
605 70
604 69
603 68
602 67
601 66
600 65
599 64
598 63
597 62
596 61
595 60
594 59
593 58
592 57
591 56
590 55
589 55
588 54
587 54
586 54
585 54
584 53
583 52
582 53
581 54
580 55
579 56
578 57
577 58
577 59
576 60
575 61
574 62
574 63
574 64
573 65
572 66
571 67
571 68
570 69
569 70
569 71
569 72
568 73
567 74
566 75
566 76
566 77
565 78
565 79
564 80
563 81
563 82
562 83
561 84
561 85
560 86
560 87
559 88
558 89
558 90
558 91
557 92
556 93
555 94
555 95
555 96
554 97
554 98
553 99
552 100
552 101
552 102
551 103
550 104
549 105
549 106
548 107
547 108
547 109
547 110
546 111
545 112
544 113
543 114
542 115
541 116
540 117
539 118
538 119
537 120
536 121
535 122
534 123
533 124
532 125
531 126
530 127
529 128
528 129
527 130
526 131
525 132
524 133
523 134
522 135
521 136
520 137
519 138
518 139
517 140
516 141
515 142
514 143
513 144
512 145
511 146
510 147
509 148
508 149
507 150
506 151
505 152
504 153
503 154
502 155
501 156
500 157
499 158
498 159
497 160
496 161
495 162
494 163
493 164
492 165
491 166
490 167
489 166
488 165
487 164
486 163
485 162
484 161
483 160
482 159
481 158
480 157
479 156
478 155
477 154
476 153
475 152
474 151
473 150
472 149
471 148
470 147
469 146
468 145
467 144
466 143
465 142
464 141
463 140
462 139
461 138
460 137
459 136
458 135
457 134
456 133
455 132
454 131
453 130
452 129
451 128
450 127
449 126
448 125
447 124
446 124
445 123
444 122
443 121
442 121
441 121
440 121
439 121
438 121
437 121
436 120
435 119
434 119
433 118
432 118
431 117
430 116
429 115
428 114
427 113
426 113
425 112
424 111
423 111
422 110
421 110
420 109
419 108
418 107
417 106
416 105
415 105
414 105
413 104
412 103
411 102
410 102
409 102
408 101
407 101
406 101
405 102
404 103
403 104
402 105
401 106
400 107
399 108
398 108
397 109
396 110
395 111
394 112
393 113
392 114
391 115
390 116
389 117
388 118
387 119
386 120
385 121
384 122
383 123
382 124
381 125
380 126
379 127
378 128
377 129
376 130
375 131
374 132
373 133
372 134
371 135
370 135
369 135
368 135
367 135
366 134
365 133
364 133
363 133
362 132
361 131
360 130
359 129
358 128
357 127
356 126
355 125
354 124
353 124
352 123
351 122
350 122
349 121
348 120
347 119
346 118
345 117
344 116
343 115
342 114
341 113
340 113
339 113
338 114
337 115
336 116
335 117
334 118
333 119
332 120
331 121
330 122
329 123
328 124
327 125
326 126
325 127
324 128
323 129
322 130
321 131
320 132
319 133
318 134
317 135
316 136
315 137
314 138
313 139
312 140
311 141
310 142
309 142
308 141
307 140
306 139
305 138
304 137
303 136
302 135
301 134
300 133
299 132
298 131
297 130
296 129
295 128
294 127
293 126
292 125
291 124
290 123
289 122
288 121
287 120
286 119
285 118
284 117
283 116
282 115
281 114
280 113
280 112
279 111
278 110
277 109
276 108
275 107
274 106
273 105
272 104
271 103
270 102
269 101
269 100
269 99
268 98
267 97
266 96
265 95
264 94
263 93
262 92
261 91
260 90
259 89
258 88
257 87
256 86
255 85
254 84
253 83
252 82
251 81
250 80
249 79
248 78
247 77
246 76
245 75
244 74
243 73
242 72
241 71
240 70
239 69
238 68
237 67
236 66
235 65
234 64
233 63
232 62
231 61
230 60
229 59
228 58
227 57
226 56
225 55
224 54
223 53
222 52
221 51
220 50
219 49
218 48
217 47
216 46
215 45
214 44
213 43
212 42
211 41
210 40
209 39
208 38
207 38
206 38
205 38
204 39
203 40
202 41
201 42
200 43
199 43
198 43
197 44
196 45
195 46
194 47
193 47
192 47
191 48
190 49
189 50
188 51
187 52
186 52
185 53
184 54
183 55
182 56
181 57
180 57
179 58
178 58
177 59
176 60
175 61
174 62
173 63
172 63
171 64
170 65
169 66
168 67
167 68
166 69
165 68
164 67
163 66
162 65
161 64
160 63
159 62
158 61
157 60
156 59
155 58
154 57
153 56
152 55
151 54
150 53
149 52
148 51
147 50
146 49
145 48
144 47
143 46
142 45
141 44
140 43
139 42
138 41
137 40
136 39
135 38
134 37
133 36
132 35
131 34
130 33
129 32
128 31
127 30
126 29
125 28
124 27
123 26
122 25
121 24
120 24
119 24
118 25
117 26
116 26
115 27
114 27
113 28
112 29
111 30
110 30
109 30
108 31
107 32
106 33
105 34
104 35
103 35
102 36
101 37
100 38
99 39
98 40
97 40
96 41
95 41
94 42
93 43
92 44
91 44
90 45
89 46
88 47
87 47
86 48
85 49
84 49
83 50
82 51
81 52
80 53
79 54
78 54
77 55
76 56
75 57
74 56
73 55
72 54
71 53
70 52
69 51
68 50
67 49
66 48
65 47
64 46
63 45
62 44
61 43
61 42
60 41
60 40
59 39
58 38
57 37
56 36
55 35
55 34
55 33
54 32
53 31
52 30
51 29
50 28
49 27
48 26
47 25
46 24
45 23
44 22
43 21
42 20
41 19
40 18
39 17
38 16
37 15
36 14
35 13
34 12
33 11
32 10
31 9
30 8
29 7
28 6
27 5
26 4
25 3
24 2
23 1
